0.000000000 0.000000 0.020000
0.000000000 0.000000 0.040000
0.000000000 0.000000 0.060000
0.000000000 0.000000 0.080000
0.000000000 0.000000 0.100000
0.000000000 0.000000 0.120000
0.000000000 0.000000 0.140000
0.000000000 0.000000 0.160000
0.000000000 0.000000 0.180000
0.000000000 0.000000 0.200000
0.000000000 0.000000 0.220000
0.000000000 0.000000 0.240000
0.000000000 0.000000 0.260000
0.000000000 0.000000 0.280000
0.000000000 0.000000 0.300000
0.000000000 0.000000 0.320000
0.000000000 0.000000 0.340000
0.000000000 0.000000 0.360000
0.000000000 0.000000 0.380000
0.000000000 0.000000 0.400000
0.000000000 0.000000 0.420000
0.000000000 0.000000 0.440000
0.000000000 0.000000 0.460000
0.000000000 0.000000 0.480000
0.000000000 0.000000 0.500000
0.000000000 0.000000 0.520000
0.000000000 0.000000 0.540000
0.000000000 0.000000 0.560000
0.000000000 0.000000 0.580000
0.000000000 0.000000 0.600000
0.000000000 0.000000 0.620000
0.000000000 0.000000 0.640000
0.000000000 0.000000 0.660000
0.000000000 0.000000 0.680000
0.000000000 0.000000 0.700000
0.000000000 0.000000 0.720000
0.000000000 0.000000 0.740000
0.000000000 0.000000 0.760000
0.000000000 0.000000 0.780000
0.000000000 0.000000 0.800000
0.000000000 0.000000 0.820000
0.000000000 0.000000 0.840000
0.000000000 0.000000 0.860000
0.000000000 0.000000 0.880000
0.000000000 0.000000 0.900000
0.000000000 0.000000 0.920000
0.000000000 0.000000 0.940000
0.000000000 0.000000 0.960000
0.000000000 0.000000 0.980000
0.000000000 0.000000 1.000000
0.000000000 0.000000 1.020000
0.000000000 0.000000 1.040000
0.000000000 0.000000 1.060000
0.000000000 0.000000 1.080000
0.000000000 0.000000 1.100000
0.000000000 0.000000 1.120000
0.000000000 0.000000 1.139999
0.000000000 0.000000 1.159999
0.000000000 0.000000 1.179999
0.000000000 0.000000 1.199999
0.000000000 0.000000 1.219999
0.000000000 0.000000 1.239999
0.000000000 0.000000 1.259999
0.000000000 0.000000 1.279999
0.000000000 0.000000 1.299999
0.000000000 0.000000 1.319999
0.000000000 0.000000 1.339999
0.000000000 0.000000 1.359999
0.000000000 0.000000 1.379999
0.000000000 0.000000 1.399999
0.000000000 0.000000 1.419999
0.000000000 0.000000 1.439999
0.000000000 0.000000 1.459999
0.000000000 0.000000 1.479999
0.000000000 0.000000 1.499999
0.000000000 0.000000 1.519999
0.000000000 0.000000 1.539999
0.000000000 0.000000 1.559999
0.000000000 0.000000 1.579999
0.000000000 0.000000 1.599999
0.000000000 0.000000 1.619999
0.000000000 0.000000 1.639999
0.000000000 0.000000 1.659999
0.000000000 0.000000 1.679999
0.000000000 0.000000 1.699999
0.000000000 0.000000 1.719999
0.000000000 0.000000 1.739999
0.000000000 0.000000 1.759999
0.000000000 0.000000 1.779999
0.000000000 0.000000 1.799999
0.000000000 0.000000 1.819999
0.000000000 0.000000 1.839999
0.000000000 0.000000 1.859999
0.000000000 0.000000 1.879999
0.000000000 0.000000 1.899999
0.000000000 0.000000 1.919999
0.000000000 0.000000 1.939999
0.000000000 0.000000 1.959999
0.000000000 0.000000 1.979999
0.000000000 0.000000 1.999999
0.000000000 0.000000 2.019999
0.002148318 0.214832 2.039999
0.006633451 0.233682 2.059999
0.011493833 0.252357 2.079999
0.016728025 0.271063 2.099999
0.022340781 0.290213 2.119999
0.028338923 0.309601 2.139999
0.034725143 0.329021 2.159999
0.041500067 0.348472 2.179999
0.048662271 0.367748 2.199999
0.056212368 0.387262 2.219999
0.064153060 0.406807 2.239999
0.072489113 0.426798 2.259999
0.081223220 0.446613 2.279999
0.090353946 0.466459 2.299998
0.099879846 0.486131 2.319998
0.109803628 0.506248 2.339998
0.120127999 0.526189 2.359998
0.130851507 0.546162 2.379998
0.141974792 0.566167 2.399998
0.153494358 0.585790 2.419998
0.165406703 0.605444 2.439998
0.177706241 0.624510 2.459998
0.190383291 0.643194 2.479998
0.203430175 0.661495 2.499998
0.216833066 0.678794 2.519998
0.230573987 0.695297 2.539998
0.244639062 0.711210 2.559998
0.259014415 0.726327 2.579998
0.273690366 0.741267 2.599998
0.288659210 0.755617 2.619998
0.303909158 0.769377 2.639998
0.319430470 0.782754 2.659998
0.335213422 0.795540 2.679998
0.351250314 0.808150 2.699998
0.367537641 0.820582 2.719998
0.384069776 0.832631 2.739998
0.400839042 0.844295 2.759998
0.417837715 0.855576 2.779998
0.435060310 0.866679 2.799998
0.452505207 0.877813 2.819998
0.470164823 0.888147 2.839998
0.488031387 0.898512 2.859998
0.506103515 0.908699 2.879998
0.524375486 0.918501 2.899998
0.542839717 0.927919 2.919998
0.561486339 0.936745 2.939998
0.580305624 0.945185 2.959998
0.599289894 0.953241 2.979998
0.618427276 0.960497 2.999998
0.637700176 0.966798 3.019998
0.657092761 0.972454 3.039998
0.676592445 0.977516 3.059998
0.696189594 0.982193 3.079998
0.715872192 0.986069 3.099998
0.735628414 0.989558 3.119998
0.755450630 0.992661 3.139998
0.775335121 0.995793 3.159998
0.795282602 0.998953 3.179998
0.815293502 1.002141 3.199998
0.835366439 1.005151 3.219998
0.855501937 1.008396 3.239998
0.875700569 1.011462 3.259998
0.895960712 1.014557 3.279998
0.916285133 1.017887 3.299998
0.936674404 1.021038 3.319998
0.957124900 1.024011 3.339998
0.977632999 1.026803 3.359997
0.998195266 1.029417 3.379997
1.018810033 1.032059 3.399997
1.039473772 1.034314 3.419997
1.060182929 1.036597 3.439997
1.080937976 1.038909 3.459997
1.101733326 1.040625 3.479997
1.122555017 1.041539 3.499997
1.143386960 1.041651 3.519997
1.164213180 1.040973 3.539997
1.185018062 1.039514 3.559997
1.205786108 1.037286 3.579997
1.226501941 1.034297 3.599997
1.247150421 1.030557 3.619997
1.267716765 1.026077 3.639997
1.288186187 1.020865 3.659997
1.308544158 1.014931 3.679997
1.328776240 1.008283 3.699997
1.348873019 1.001391 3.719997
1.368830084 0.994317 3.739997
1.388648033 0.987479 3.759997
1.408333683 0.981083 3.779997
1.427889585 0.974505 3.799997
1.447312116 0.967747 3.819997
1.466599702 0.961014 3.839997
1.485752964 0.954309 3.859997
1.504776477 0.948046 3.879997
1.523670911 0.941394 3.899997
1.542430496 0.934561 3.919997
1.561057806 0.928170 3.939997
1.579555511 0.921598 3.959997
1.597919940 0.914845 3.979997
1.616153717 0.908534 3.999997
1.634267807 0.902875 4.019997
1.652271032 0.897451 4.039997
1.670174360 0.892887 4.059997
1.687990903 0.888766 4.079997
1.705731487 0.885298 4.099997
1.723407268 0.882273 4.119997
1.741026878 0.879693 4.139997
1.758595228 0.877140 4.159997
1.776112794 0.874614 4.179997
1.793584251 0.872532 4.199997
1.811012268 0.870270 4.219997
1.828393173 0.867826 4.239997
1.845727729 0.865619 4.259997
1.863018226 0.863438 4.279997
1.880265426 0.861286 4.299997
1.897469997 0.859161 4.319997
1.914632225 0.857063 4.339997
1.931752777 0.854993 4.359997
1.948832321 0.852950 4.379997
1.965873241 0.851144 4.399997
1.982874107 0.848948 4.419997
1.999833488 0.846987 4.439997
2.016747713 0.844429 4.459997
2.033606767 0.841481 4.479997
2.050405025 0.838351 4.499997
2.067136764 0.834831 4.519997
2.083791732 0.830674 4.539997
2.100360155 0.826165 4.559997
2.116834402 0.821266 4.579997
2.133204698 0.815767 4.599997
2.149463176 0.810087 4.619997
2.165604114 0.804015 4.639997
2.181617736 0.797344 4.659996
2.197496175 0.790491 4.679996
2.213231563 0.783042 4.699996
2.228811979 0.775004 4.719996
2.244225740 0.766381 4.739996
2.259461402 0.757181 4.759996
2.274507284 0.747410 4.779996
2.289352178 0.737073 4.799996
2.303984642 0.726176 4.819996
2.318393707 0.714724 4.839996
2.332568168 0.702724 4.859996
2.346497297 0.690181 4.879996
2.360170125 0.677100 4.899996
2.373575925 0.663487 4.919996
2.386704206 0.649346 4.939996
2.399544477 0.634684 4.959996
2.412086248 0.619504 4.979996
2.424319505 0.603813 4.999996
2.436233758 0.587614 5.019996
2.447818994 0.570913 5.039996
2.459065198 0.553715 5.059996
2.469962596 0.536024 5.079996
2.480502843 0.518005 5.099996
2.490680932 0.499803 5.119996
2.500495195 0.481625 5.139996
2.509941101 0.462966 5.159996
2.519010782 0.444000 5.179996
2.527701377 0.425059 5.199996
2.536009311 0.405724 5.219996
2.543932676 0.386623 5.239996
2.551469326 0.367053 5.259996
2.558615684 0.347583 5.279996
2.565372943 0.328137 5.299996
2.571743488 0.308924 5.319996
2.577728033 0.289527 5.339996
2.583324909 0.270155 5.359996
2.588534593 0.250807 5.379996
2.593355417 0.231274 5.399996
2.597787857 0.211976 5.419996
2.601832628 0.192492 5.439996
2.605487823 0.173033 5.459996
2.608749866 0.153179 5.479996
2.611617326 0.133560 5.499996
2.614094734 0.114175 5.519996
2.616182565 0.094604 5.539996
2.617883443 0.075478 5.559996
2.619197845 0.055956 5.579996
2.620121955 0.036460 5.599996
2.620656490 0.016987 5.619996
2.620799779 -0.002670 5.639996
2.620545387 -0.022768 5.659996
2.619889736 -0.042795 5.679996
2.618835926 -0.062589 5.699995
2.617384433 -0.082568 5.719995
2.615531444 -0.102731 5.739995
2.613273382 -0.123081 5.759995
2.610608577 -0.143405 5.779995
2.607537508 -0.163706 5.799995
2.604064941 -0.183562 5.819995
2.600193262 -0.203604 5.839995
2.595921039 -0.223621 5.859995
2.591246604 -0.243823 5.879995
2.586166143 -0.264211 5.899995
2.580680370 -0.284365 5.919995
2.574791669 -0.304494 5.939995
2.568498611 -0.324809 5.959995
2.561799526 -0.345099 5.979995
2.554699182 -0.364945 5.999995
2.547199964 -0.384976 6.019995
2.539298295 -0.405193 6.039995
2.530990362 -0.425595 6.059995
2.522276878 -0.445763 6.079995
2.513162374 -0.465696 6.099995
2.503649473 -0.485605 6.119995
2.493734359 -0.505909 6.139995
2.483417510 -0.525769 6.159995
2.472699403 -0.546040 6.179995
2.461580514 -0.565851 6.199995
2.450063467 -0.585848 6.219995
2.438146829 -0.605820 6.239995
2.425832986 -0.625557 6.259995
2.413122653 -0.645480 6.279995
2.400014162 -0.665378 6.299995
2.386507749 -0.685252 6.319995
2.372602224 -0.705311 6.339995
2.358299732 -0.724926 6.359995
2.343603134 -0.744726 6.379995
2.328510761 -0.764502 6.399995
2.313021183 -0.784463 6.419995
2.297134637 -0.804190 6.439995
2.280855894 -0.823682 6.459995
2.264194011 -0.842517 6.479995
2.247164011 -0.860487 6.499995
2.229779005 -0.878011 6.519995
2.212052106 -0.894668 6.539995
2.193998813 -0.910669 6.559995
2.175631999 -0.926013 6.579995
2.156960725 -0.941121 6.599995
2.137987375 -0.956204 6.619995
2.118714809 -0.971051 6.639995
2.099147796 -0.985662 6.659995
2.079284429 -1.000669 6.679995
2.059123277 -1.015440 6.699995
2.038669109 -1.029975 6.719995
2.017930746 -1.043853 6.739995
1.996915245 -1.057705 6.759994
1.975627040 -1.071110 6.779994
1.954075336 -1.084068 6.799994
1.932266712 -1.096790 6.819994
1.910212421 -1.108643 6.839994
1.887925529 -1.120049 6.859994
1.865421295 -1.130375 6.879994
1.842717075 -1.140043 6.899994
1.819828128 -1.148842 6.919994
1.796772003 -1.156770 6.939994
1.773557567 -1.164672 6.959994
1.750191688 -1.171916 6.979994
1.726683378 -1.178921 6.999994
1.703037261 -1.185689 7.019994
1.679256057 -1.192430 7.039994
1.655344581 -1.198722 7.059994
1.631309604 -1.204777 7.079994
1.607153797 -1.210805 7.099994
1.582881927 -1.216384 7.119994
1.558498764 -1.221936 7.139994
1.534006834 -1.227250 7.159994
1.509415245 -1.231904 7.179994
1.484730958 -1.236530 7.199994
1.459954357 -1.241130 7.219994
1.435090303 -1.245280 7.239994
1.410145664 -1.249192 7.259994
1.385118722 -1.253499 7.279994
1.360012292 -1.257145 7.299994
1.334831118 -1.260975 7.319994
1.309577822 -1.264355 7.339994
1.284257173 -1.267708 7.359994
1.258869767 -1.271033 7.379994
1.233411908 -1.274754 7.399994
1.207882046 -1.278236 7.419994
1.182282810 -1.281690 7.439994
1.156616806 -1.284906 7.459994
1.130884647 -1.288306 7.479994
1.105084776 -1.291678 7.499994
1.079219818 -1.294812 7.519994
1.053292512 -1.297918 7.539994
1.027301192 -1.301208 7.559994
1.001244425 -1.304471 7.579994
0.975122642 -1.307706 7.599994
0.948934364 -1.311125 7.619994
0.922677898 -1.314517 7.639994
0.896356010 -1.317670 7.659994
0.869973373 -1.320584 7.679994
0.843530750 -1.323682 7.699994
0.817024326 -1.326964 7.719994
0.790456724 -1.329796 7.739994
0.763828516 -1.333023 7.759994
0.737140274 -1.335800 7.779994
0.710394668 -1.338760 7.799993
0.683590126 -1.341693 7.819993
0.656729269 -1.344388 7.839993
0.629812765 -1.347266 7.859993
0.602836847 -1.350328 7.879993
0.575806236 -1.352728 7.899993
0.548723506 -1.355547 7.919993
0.521582794 -1.358526 7.939993
0.494386959 -1.361055 7.959993
0.467138719 -1.363768 7.979993
0.439836549 -1.366454 7.999993
0.412480878 -1.369112 8.019994
0.385074472 -1.371530 8.039995
0.357617831 -1.374133 8.059995
0.330113649 -1.376284 8.079996
0.302562499 -1.378832 8.099996
0.274958562 -1.381564 8.119997
0.247302341 -1.384056 8.139997
0.219600820 -1.386097 8.159997
0.191858758 -1.388110 8.179998
0.164074563 -1.390308 8.199998
0.136246705 -1.392478 8.219999
0.108373618 -1.394832 8.239999
0.080453701 -1.397159 8.260000
0.052487535 -1.399458 8.280000
0.024475660 -1.401729 8.300001
0.000000000 0.000000 8.320001
0.000000000 0.000000 8.340002
0.000000000 0.000000 8.360002
0.000000000 0.000000 8.380002
0.000000000 0.000000 8.400003
0.000000000 0.000000 8.420003
0.000000000 0.000000 8.440004
0.000000000 0.000000 8.460004
0.000000000 0.000000 8.480005
0.000000000 0.000000 8.500005
0.000000000 0.000000 8.520006
0.000000000 0.000000 8.540006
0.000000000 0.000000 8.560007
0.000000000 0.000000 8.580007
0.000000000 0.000000 8.600008
0.000000000 0.000000 8.620008
0.000000000 0.000000 8.640008
0.000000000 0.000000 8.660009
0.000000000 0.000000 8.680009
0.000000000 0.000000 8.700010
0.000000000 0.000000 8.720010
0.000000000 0.000000 8.740011
0.000000000 0.000000 8.760011
0.000000000 0.000000 8.780012
0.000000000 0.000000 8.800012
0.000000000 0.000000 8.820013
0.000000000 0.000000 8.840013
0.000000000 0.000000 8.860013
0.000000000 0.000000 8.880014
0.000000000 0.000000 8.900014
0.000000000 0.000000 8.920015
0.000000000 0.000000 8.940015
0.000000000 0.000000 8.960016
0.000000000 0.000000 8.980016
0.000000000 0.000000 9.000017
0.000000000 0.000000 9.020017
0.000000000 0.000000 9.040018
0.000000000 0.000000 9.060018
0.000000000 0.000000 9.080018
0.000000000 0.000000 9.100019
0.000000000 0.000000 9.120019
0.000000000 0.000000 9.140020
0.000000000 0.000000 9.160020
0.000000000 0.000000 9.180021
0.000000000 0.000000 9.200021
0.000000000 0.000000 9.220022
0.000000000 0.000000 9.240022
0.000000000 0.000000 9.260023
0.000000000 0.000000 9.280023
0.000000000 0.000000 9.300024
0.000000000 0.000000 9.320024
0.000000000 0.000000 9.340024
0.000000000 0.000000 9.360025
0.000000000 0.000000 9.380025
0.000000000 0.000000 9.400026
0.000000000 0.000000 9.420026
0.000000000 0.000000 9.440027
0.000000000 0.000000 9.460027
0.000000000 0.000000 9.480028
0.000000000 0.000000 9.500028
0.000000000 0.000000 9.520029
0.000000000 0.000000 9.540029
0.000000000 0.000000 9.560029
0.000000000 0.000000 9.580030
0.000000000 0.000000 9.600030
0.000000000 0.000000 9.620031
0.000000000 0.000000 9.640031
0.000000000 0.000000 9.660032
0.000000000 0.000000 9.680032
0.000000000 0.000000 9.700033
0.000000000 0.000000 9.720033
0.000000000 0.000000 9.740034
0.000000000 0.000000 9.760034
0.000000000 0.000000 9.780035
0.000000000 0.000000 9.800035
0.000000000 0.000000 9.820035
0.000000000 0.000000 9.840036
0.000000000 0.000000 9.860036
0.000000000 0.000000 9.880037
0.000000000 0.000000 9.900037
0.000000000 0.000000 9.920038
0.000000000 0.000000 9.940038
0.000000000 0.000000 9.960039
0.000000000 0.000000 9.980039
0.000000000 0.000000 10.000040
